Federal Office of Meteorology and Climatology MeteoSwiss
MeteoSchweiz / MeteoSuisse / MeteoSvizzera / MeteoSwiss

Monthly homogenized values

Station:                  Payerne
Altitude [m asl]:         490 m
Coordinates:              46° 48.7' N / 6° 56.5' E

Reference date of homogenization:
         Temperature:     01.12.2007
         Precipitation:   01.12.2020

Last inhomogeneity provisionally corrected:
         Temperature:     yes
         Precipitation:   no

Units:
         Temperature:     °C
         Precipitation:   mm

Missing values:           NA

Data source:              MeteoSwiss
Creation date:            7.11.2022


Year  Month        Temperature      Precipitation  
1964      8               17.0               68.4  
1964      9               14.1               49.9  
1964     10                7.7               84.7  
1964     11                4.8               37.5  
1964     12               -0.9               17.6  
1965      1               -0.1               43.5  
1965      2               -2.8                9.3  
1965      3                3.3               92.1  
1965      4                6.7               60.1  
1965      5               11.5               84.1  
1965      6               15.8               61.5  
1965      7               16.1              221.0  
1965      8               15.7               86.1  
1965      9               11.5              149.5  
1965     10                8.5               33.0  
1965     11                4.0              123.5  
1965     12                2.7              137.6  
1966      1               -2.7               58.8  
1966      2                4.7               89.1  
1966      3                3.4               41.1  
1966      4                9.3              107.7  
1966      5               12.7               89.1  
1966      6               16.9               39.7  
1966      7               16.1              102.1  
1966      8               15.7               97.0  
1966      9               14.8               42.4  
1966     10               11.4               61.8  
1966     11                1.8               57.2  
1966     12                1.7               77.0  
1967      1               -0.5               43.3  
1967      2                2.0               51.9  
1967      3                5.6               82.5  
1967      4                6.9               14.5  
1967      5               11.4              103.8  
1967      6               14.5               53.5  
1967      7               19.2               35.9  
1967      8               17.1               86.0  
1967      9               13.3               77.8  
1967     10               11.1               45.3  
1967     11                3.9              142.6  
1967     12               -1.2               44.3  
1968      1               -0.9               75.4  
1968      2                1.5               54.3  
1968      3                4.6               28.9  
1968      4                8.9               78.8  
1968      5               11.2               75.0  
1968      6               15.2               41.4  
1968      7               16.8              113.6  
1968      8               15.1              258.8  
1968      9               12.7              147.6  
1968     10               11.1               32.4  
1968     11                3.4               47.1  
1968     12               -0.3               57.6  
1969      1               -0.3               41.8  
1969      2               -1.4               44.9  
1969      3                3.8               53.6  
1969      4                7.5               71.8  
1969      5               12.7               67.6  
1969      6               13.4              122.1  
1969      7               18.3               49.9  
1969      8               16.5               76.7  
1969      9               14.1               77.8  
1969     10                9.2                3.1  
1969     11                4.5               78.9  
1969     12               -3.4               24.5  
1970      1               -1.8               58.3  
1970      2                1.2              119.5  
1970      3                1.5               66.7  
1970      4                5.8              107.0  
1970      5               11.1               48.5  
1970      6               16.8              147.0  
1970      7               17.3               66.6  
1970      8               17.3              122.6  
1970      9               14.5               36.3  
1970     10                8.1               44.4  
1970     11                5.5              108.9  
1970     12               -0.4               20.2  
1971      1               -3.3               41.3  
1971      2                0.4               21.3  
1971      3                0.4               55.5  
1971      4               10.3               33.1  
1971      5               13.6               66.8  
1971      6               14.4              133.4  
1971      7               19.0               48.0  
1971      8               18.4              117.6  
1971      9               12.9               39.3  
1971     10                9.3               40.5  
1971     11                2.6               83.3  
1971     12                0.2               17.9  
1972      1               -0.3               15.3  
1972      2                2.2               33.4  
1972      3                5.6               30.0  
1972      4                7.6               64.5  
1972      5               11.5               63.0  
1972      6               14.4              128.7  
1972      7               17.2               71.3  
1972      8               16.4               41.9  
1972      9               10.6               21.8  
1972     10                6.8               26.3  
1972     11                4.6              122.5  
1972     12               -0.8               38.7  
1973      1               -1.1               21.0  
1973      2               -0.4               25.3  
1973      3                3.0                5.3  
1973      4                5.6               37.3  
1973      5               13.2               98.9  
1973      6               16.1              158.1  
1973      7               17.3              146.1  
1973      8               18.7               49.4  
1973      9               14.7               41.7  
1973     10                7.5               62.5  
1973     11                3.4               25.0  
1973     12               -0.2               40.3  
1974      1                2.6               44.3  
1974      2                3.2               47.1  
1974      3                6.6               35.2  
1974      4                8.1               22.7  
1974      5               11.3              117.6  
1974      6               14.5               91.0  
1974      7               17.1               75.4  
1974      8               18.1               86.7  
1974      9               13.5               89.2  
1974     10                4.9               92.0  
1974     11                3.9               87.1  
1974     12                3.6               28.5  
1975      1                2.6               49.8  
1975      2                1.2                7.9  
1975      3                3.4               52.3  
1975      4                8.0               44.1  
1975      5               12.2               63.3  
1975      6               14.4               80.8  
1975      7               18.0               61.2  
1975      8               17.9               98.3  
1975      9               15.5              112.1  
1975     10                7.2               36.0  
1975     11                4.9               82.4  
1975     12               -0.6               21.2  
1976      1                0.7               16.7  
1976      2                0.7               53.0  
1976      3                3.3               17.3  
1976      4                7.8               21.2  
1976      5               13.4               51.9  
1976      6               18.4               21.1  
1976      7               19.4               72.7  
1976      8               16.1               47.0  
1976      9               12.4              120.6  
1976     10                9.7               54.7  
1976     11                4.2               52.0  
1976     12               -1.3               80.8  
1977      1               -0.1               93.7  
1977      2                4.7               95.2  
1977      3                6.9               42.6  
1977      4                6.8              148.8  
1977      5               11.0               94.0  
1977      6               14.6              131.8  
1977      7               17.2              158.5  
1977      8               16.0               62.1  
1977      9               12.6                9.6  
1977     10               10.1               94.6  
1977     11                4.7               61.9  
1977     12                1.0               65.0  
1978      1                0.2               56.3  
1978      2                0.9               81.7  
1978      3                4.6              113.4  
1978      4                6.8               39.1  
1978      5               11.0              113.8  
1978      6               14.7               94.0  
1978      7               16.6               58.8  
1978      8               15.6              123.1  
1978      9               13.2               36.6  
1978     10                7.7               31.4  
1978     11                2.7                4.5  
1978     12                1.8              110.5  
1979      1               -2.4              126.8  
1979      2                2.8               89.2  
1979      3                5.1               77.5  
1979      4                6.4               64.3  
1979      5               11.7               69.2  
1979      6               15.8               48.3  
1979      7               17.8               33.1  
1979      8               15.9               86.7  
1979      9               13.3               37.4  
1979     10                9.8              112.5  
1979     11                3.6               86.0  
1979     12                3.2              104.4  
1980      1               -0.6               87.8  
1980      2                3.3               59.5  
1980      3                4.8               66.8  
1980      4                6.3               19.0  
1980      5               10.7               97.1  
1980      6               13.9              118.2  
1980      7               15.3              119.6  
1980      8               17.6              114.7  
1980      9               14.3               39.4  
1980     10                8.1              122.0  
1980     11                2.5               51.5  
1980     12               -0.9               35.2  
1981      1               -1.8               75.5  
1981      2               -1.3               22.3  
1981      3                7.3              113.5  
1981      4                9.7                7.8  
1981      5               12.1              130.0  
1981      6               15.5               45.4  
1981      7               16.4               89.8  
1981      8               17.7               31.6  
1981      9               14.4              100.2  
1981     10                9.5              111.5  
1981     11                3.8               39.4  
1981     12                1.0              122.5  
1982      1                1.4               75.7  
1982      2                0.7               26.5  
1982      3                4.3               66.0  
1982      4                7.6               12.1  
1982      5               12.7               51.8  
1982      6               16.6              153.4  
1982      7               19.1               86.6  
1982      8               17.1              164.4  
1982      9               16.0               51.2  
1982     10                9.7              107.6  
1982     11                4.7               43.4  
1982     12                2.9               92.6  
1983      1                1.7               33.1  
1983      2               -1.2               31.8  
1983      3                5.2               63.3  
1983      4                8.2               97.9  
1983      5               10.2              151.6  
1983      6               17.0               52.9  
1983      7               21.8               41.8  
1983      8               18.3               94.2  
1983      9               14.7              121.6  
1983     10                9.4               47.7  
1983     11                3.3               98.0  
1983     12                0.7               50.1  
1984      1                1.2               82.0  
1984      2                0.3               55.8  
1984      3                2.4               40.6  
1984      4                7.4               35.1  
1984      5                9.9               85.1  
1984      6               15.3               72.9  
1984      7               18.0               62.9  
1984      8               17.2               50.7  
1984      9               13.3              182.8  
1984     10                9.7               77.4  
1984     11                5.4               60.9  
1984     12                1.8               61.6  
1985      1               -4.8               86.0  
1985      2               -0.9               54.5  
1985      3                3.3               58.1  
1985      4                8.6              116.2  
1985      5               12.3              113.8  
1985      6               14.6              109.4  
1985      7               19.4               57.7  
1985      8               17.3               87.8  
1985      9               15.4               18.5  
1985     10                9.8                1.8  
1985     11                1.8               81.0  
1985     12                1.7               64.0  
1986      1                1.1               86.1  
1986      2               -4.1               47.2  
1986      3                3.3               42.1  
1986      4                6.3              131.4  
1986      5               14.6              108.0  
1986      6               16.3               51.3  
1986      7               18.3               71.4  
1986      8               17.5              126.1  
1986      9               14.2               37.2  
1986     10               10.8               62.3  
1986     11                4.1               29.7  
1986     12                1.5               54.4  
1987      1               -3.5               43.0  
1987      2                1.2               79.7  
1987      3                1.9               52.3  
1987      4                9.1               54.9  
1987      5                9.8              108.4  
1987      6               14.3              186.9  
1987      7               18.2              135.1  
1987      8               17.6               96.0  
1987      9               16.6              127.2  
1987     10               10.6               69.8  
1987     11                5.2               60.5  
1987     12                1.8               36.9  
1988      1                3.2               75.0  
1988      2                1.6               65.3  
1988      3                4.2              116.7  
1988      4                9.3               37.6  
1988      5               13.8              101.2  
1988      6               15.6               40.9  
1988      7               17.9               98.8  
1988      8               18.2               99.5  
1988      9               14.0               72.4  
1988     10               10.4              144.5  
1988     11                3.3               18.2  
1988     12                2.3               62.5  
1989      1                0.4                8.8  
1989      2                2.2               40.8  
1989      3                7.3               50.9  
1989      4                7.2              105.2  
1989      5               14.2               48.5  
1989      6               15.5               39.2  
1989      7               19.0               76.0  
1989      8               18.0               47.7  
1989      9               14.1               18.7  
1989     10                9.9               54.9  
1989     11                2.6               42.1  
1989     12                2.0               74.8  
1990      1               -0.2               33.7  
1990      2                5.6              121.8  
1990      3                6.9               18.6  
1990      4                7.2               81.2  
1990      5               14.5               54.3  
1990      6               15.3              163.4  
1990      7               18.4               49.3  
1990      8               18.8               47.8  
1990      9               13.7               81.0  
1990     10               10.9              111.4  
1990     11                4.5              107.4  
1990     12                0.2               26.5  
1991      1                1.4               40.6  
1991      2               -1.3               18.3  
1991      3                6.9               74.8  
1991      4                7.6               29.4  
1991      5               10.0               52.8  
1991      6               15.3              104.6  
1991      7               19.7              105.9  
1991      8               19.7               14.7  
1991      9               16.4               84.1  
1991     10                8.4               70.9  
1991     11                4.5              107.9  
1991     12               -0.3               45.8  
1992      1               -1.4               15.7  
1992      2                1.7               26.3  
1992      3                6.0               40.3  
1992      4                8.7               94.6  
1992      5               14.6               76.3  
1992      6               15.3              110.7  
1992      7               18.6               94.0  
1992      8               20.6               57.7  
1992      9               14.1               58.4  
1992     10                8.1              135.8  
1992     11                6.6              112.0  
1992     12                0.7               69.2  
1993      1                2.7               15.5  
1993      2               -0.7                8.6  
1993      3                4.4               20.2  
1993      4                9.9               68.6  
1993      5               14.3               68.8  
1993      6               16.8              128.3  
1993      7               17.6               88.6  
1993      8               18.3              106.9  
1993      9               13.3              147.6  
1993     10                8.3              117.5  
1993     11                2.2               12.5  
1993     12                3.9              110.8  
1994      1                2.6               54.6  
1994      2                2.5               35.5  
1994      3                9.1               25.8  
1994      4                7.0               85.1  
1994      5               13.3              144.0  
1994      6               16.7              102.1  
1994      7               20.9               34.9  
1994      8               19.6               96.4  
1994      9               13.7              172.6  
1994     10                9.6               92.7  
1994     11                7.6               36.6  
1994     12                3.8               83.0  
1995      1                0.1              144.9  
1995      2                4.9              107.6  
1995      3                4.0               74.4  
1995      4                9.0               37.2  
1995      5               12.7              149.6  
1995      6               15.0               43.0  
1995      7               20.8               65.9  
1995      8               18.1              148.7  
1995      9               12.1              152.2  
1995     10               12.1                9.5  
1995     11                3.9               29.4  
1995     12                0.4               97.0  
1996      1                0.3               32.1  
1996      2                0.0               44.6  
1996      3                3.4               23.1  
1996      4                9.1               21.6  
1996      5               12.6               89.5  
1996      6               17.1              104.8  
1996      7               17.2              150.2  
1996      8               16.8              162.0  
1996      9               11.0               35.2  
1996     10                9.3               63.3  
1996     11                4.6              106.9  
1996     12                0.3               26.7  
1997      1               -1.7               29.6  
1997      2                4.2               50.2  
1997      3                7.2               11.6  
1997      4                8.3               59.5  
1997      5               13.5               66.1  
1997      6               15.8              233.1  
1997      7               16.8              140.3  
1997      8               19.4               55.6  
1997      9               14.9               78.3  
1997     10                9.0               65.1  
1997     11                4.2               54.2  
1997     12                2.2               84.8  
1998      1                1.5               48.8  
1998      2                2.8               13.5  
1998      3                5.8               30.3  
1998      4                8.1              106.3  
1998      5               14.3               31.8  
1998      6               17.0               46.5  
1998      7               19.4               87.8  
1998      8               18.9               47.2  
1998      9               13.7              122.6  
1998     10               10.2              103.8  
1998     11                2.1               90.2  
1998     12               -0.1               20.6  
1999      1                1.3               29.5  
1999      2                0.1               77.6  
1999      3                5.7               45.1  
1999      4                8.5               95.2  
1999      5               15.3               92.3  
1999      6               15.5              101.3  
1999      7               19.2               77.7  
1999      8               18.3              105.1  
1999      9               16.5              125.8  
1999     10                9.3              116.2  
1999     11                2.4               44.4  
1999     12                2.2               73.2  
2000      1                0.0                4.6  
2000      2                3.7               73.7  
2000      3                6.2               20.2  
2000      4                9.3               71.5  
2000      5               15.1               96.3  
2000      6               17.9               55.8  
2000      7               16.4              161.4  
2000      8               18.8               79.2  
2000      9               15.0               56.4  
2000     10               10.2              120.7  
2000     11                5.5              108.1  
2000     12                3.5               41.9  
2001      1                1.6              127.6  
2001      2                3.1               34.2  
2001      3                7.3              257.3  
2001      4                7.2               85.2  
2001      5               15.3               53.6  
2001      6               15.8              129.9  
2001      7               18.9              113.7  
2001      8               19.3               79.2  
2001      9               12.0               91.9  
2001     10               12.8               65.0  
2001     11                3.0               41.5  
2001     12                0.2               14.8  
2002      1                0.1               28.2  
2002      2                5.4               48.6  
2002      3                6.5               60.6  
2002      4                8.9               26.2  
2002      5               12.3              182.6  
2002      6               19.0               54.9  
2002      7               18.4              103.9  
2002      8               17.4               69.9  
2002      9               13.1               50.2  
2002     10               10.0              129.0  
2002     11                6.3              168.8  
2002     12                3.8               56.3  
2003      1                0.1               38.9  
2003      2               -1.3               11.8  
2003      3                6.9               40.5  
2003      4                9.2               49.1  
2003      5               14.4               49.0  
2003      6               22.2               43.1  
2003      7               20.4               61.8  
2003      8               22.5               79.3  
2003      9               14.4               59.6  
2003     10                6.8              106.1  
2003     11                4.1               57.4  
2003     12                1.0               16.3  
2004      1                1.2              124.2  
2004      2                1.9               23.2  
2004      3                4.0               51.6  
2004      4                9.1               43.8  
2004      5               12.2               37.1  
2004      6               16.6               86.4  
2004      7               18.1               56.8  
2004      8               18.5              128.9  
2004      9               15.1               43.0  
2004     10               11.5              173.6  
2004     11                4.1               12.5  
2004     12                0.7               62.8  
2005      1               -0.3               34.0  
2005      2               -1.2               18.5  
2005      3                5.3               28.2  
2005      4                8.9              123.8  
2005      5               13.6               68.6  
2005      6               18.5               25.4  
2005      7               19.1               56.5  
2005      8               16.8               83.5  
2005      9               15.4               81.6  
2005     10               10.6               77.4  
2005     11                3.8               25.6  
2005     12               -0.5               52.0  
2006      1               -1.5               10.6  
2006      2                0.1               37.7  
2006      3                3.8              132.3  
2006      4                8.9              147.9  
2006      5               13.3              106.6  
2006      6               17.9               34.3  
2006      7               22.5               15.8  
2006      8               15.5              168.5  
2006      9               16.8               67.5  
2006     10               12.4               73.7  
2006     11                6.2               31.8  
2006     12                2.0               67.3  
2007      1                4.3               41.9  
2007      2                4.7               74.3  
2007      3                5.4               75.7  
2007      4               12.8                3.0  
2007      5               14.2              139.4  
2007      6               17.3              160.6  
2007      7               17.8              163.5  
2007      8               17.4              178.5  
2007      9               13.2               43.6  
2007     10                9.3               33.4  
2007     11                2.9               24.7  
2007     12                0.9               66.5  
2008      1                2.6               54.2  
2008      2                3.1               26.2  
2008      3                4.9               44.5  
2008      4                7.9              110.8  
2008      5               14.5               64.9  
2008      6               17.4               48.2  
2008      7               18.6              100.7  
2008      8               18.0               89.8  
2008      9               12.4              117.5  
2008     10                9.8               99.4  
2008     11                4.6               19.7  
2008     12                0.1               73.4  
2009      1               -2.5               36.7  
2009      2                0.1               36.1  
2009      3                4.9               49.8  
2009      4               11.0               21.8  
2009      5               15.5               42.0  
2009      6               16.9               74.2  
2009      7               19.0               87.4  
2009      8               20.0               62.0  
2009      9               15.4               34.9  
2009     10                9.4               31.7  
2009     11                7.0              111.8  
2009     12                1.3              124.3  
2010      1               -1.5               27.1  
2010      2                0.7               56.0  
2010      3                4.5               36.2  
2010      4               10.0               13.3  
2010      5               12.2               69.4  
2010      6               17.0               37.5  
2010      7               20.8               21.1  
2010      8               17.8              116.5  
2010      9               13.4               22.6  
2010     10                8.7               32.9  
2010     11                5.3               77.0  
2010     12               -0.9               83.9  
2011      1                1.3               21.1  
2011      2                2.5               18.3  
2011      3                6.3               18.1  
2011      4               11.9               16.5  
2011      5               15.1               66.8  
2011      6               16.7               71.7  
2011      7               16.6              102.3  
2011      8               19.3               47.8  
2011      9               16.4               67.6  
2011     10                9.7               44.7  
2011     11                4.9               11.2  
2011     12                3.8               95.1  
2012      1                2.7               65.0  
2012      2               -3.6                0.5  
2012      3                7.4               19.8  
2012      4                8.9              101.2  
2012      5               13.9               57.3  
2012      6               17.7              108.5  
2012      7               18.6               95.7  
2012      8               19.6               69.0  
2012      9               14.3              108.4  
2012     10               10.2               81.3  
2012     11                6.0              170.8  
2012     12                2.2              102.9  
2013      1                0.7               37.2  
2013      2               -0.9               46.9  
2013      3                2.6               72.3  
2013      4                9.2               91.5  
2013      5               10.9              117.8  
2013      6               16.2               53.9  
2013      7               20.6               90.1  
2013      8               18.6               69.0  
2013      9               15.0               75.2  
2013     10               11.5              136.6  
2013     11                4.7               89.5  
2013     12                0.5               77.3  
2014      1                2.8               77.3  
2014      2                3.6               95.3  
2014      3                6.7               28.9  
2014      4               10.7               63.8  
2014      5               12.4               81.8  
2014      6               17.7               42.0  
2014      7               17.7              192.8  
2014      8               17.0               90.0  
2014      9               15.2               21.2  
2014     10               12.4              139.6  
2014     11                6.5               84.1  
2014     12                3.5               24.5  
2015      1                1.7               64.2  
2015      2                0.1               32.6  
2015      3                6.3               47.7  
2015      4                9.8               65.2  
2015      5               14.2               99.7  
2015      6               18.5               72.2  
2015      7               22.5               30.7  
2015      8               19.8               73.7  
2015      9               13.2               64.0  
2015     10                9.0               42.0  
2015     11                7.2               40.1  
2015     12                2.8               11.2  
2016      1                3.1              119.6  
2016      2                4.1               71.4  
2016      3                4.9               32.1  
2016      4                8.9              118.9  
2016      5               12.7              130.3  
2016      6               16.8              129.4  
2016      7               19.9              114.1  
2016      8               19.3               50.1  
2016      9               16.6               65.6  
2016     10                8.4               83.7  
2016     11                4.9              104.2  
2016     12               -0.3                0.2  
2017      1               -2.7               15.0  
2017      2                4.2               54.1  
2017      3                8.2               43.5  
2017      4                9.1               40.8  
2017      5               14.1               92.3  
2017      6               19.8               61.0  
2017      7               20.0               48.3  
2017      8               19.8               61.8  
2017      9               13.4               28.6  
2017     10               11.0               19.4  
2017     11                4.9               58.0  
2017     12                1.6              126.7  
2018      1                4.8              112.1  
2018      2               -0.3               24.9  
2018      3                3.9               76.3  
2018      4               12.2               16.1  
2018      5               14.9               83.3  
2018      6               18.5              140.1  
2018      7               20.5              113.3  
2018      8               20.5               31.3  
2018      9               16.4               19.4  
2018     10               10.6               23.8  
2018     11                5.6               41.3  
2018     12                4.0               98.5  
2019      1                0.8               18.1  
2019      2                2.9               39.7  
2019      3                6.9               44.2  
2019      4                8.9               60.4  
2019      5               11.2               90.1  
2019      6               19.1               82.1  
2019      7               21.0               88.6  
2019      8               19.2              125.6  
2019      9               15.6               36.5  
2019     10               11.7              128.6  
2019     11                5.2               84.7  
2019     12                3.7               66.0  
2020      1                1.9               24.2  
2020      2                6.3               82.8  
2020      3                5.9               41.9  
2020      4               11.4               60.1  
2020      5               13.9               58.6  
2020      6               16.4              156.3  
2020      7               19.9               89.7  
2020      8               19.3              117.5  
2020      9               15.8               90.7  
2020     10                9.1              146.1  
2020     11                5.3               28.3  
2020     12                2.7               63.6  
2021      1                1.3               70.3  
2021      2                4.0               26.2  
2021      3                5.4               40.1  
2021      4                7.9               39.9  
2021      5               11.0              165.7  
2021      6               18.5              167.5  
2021      7               18.4              204.8  
2021      8               17.6               57.0  
2021      9               16.0               45.4  
2021     10                9.1               55.9  
2021     11                3.8               17.6  
2021     12                2.1               89.1  
2022      1                1.1               29.8  
2022      2                4.1               30.2  
2022      3                6.2               13.8  
2022      4                9.0               65.1  
2022      5               15.9               14.7  
2022      6               19.5               98.3  
2022      7               21.5               60.5  
2022      8               20.7               57.3  
2022      9               14.3              207.0  
2022     10               13.3               69.5  
